.Random.seed <-
c(403L, 10L, -1157727212L, -1810435945L, -734559603L, 1670288292L, 
59026826L, -319038987L, 1922970703L, 1779528534L, 282520064L, 
-1476410557L, -2084797727L, -1437298608L, -1671450450L, 1918526553L, 
-1308388245L, -1479976486L, -1839930724L, -305513313L, 497381109L, 
-1716776052L, 1701618274L, -340453827L, -1949402953L, 7931742L, 
-869643624L, 1126963707L, 1587397529L, -1879991256L, 1451150550L, 
-1085572783L, 1238980611L, -1115193454L, 1699294500L, -1613323289L, 
-590088131L, -1326635340L, 1089383706L, -506544539L, 459412223L, 
785762182L, -1422690032L, -803993165L, -837660079L, -999177728L, 
372629214L, 1914213673L, -1073211173L, -1535942678L, -1654636660L, 
-223678257L, 557936773L, 1134269244L, -190600686L, -1334468339L, 
916040263L, 778317870L, 828376456L, 1892048011L, -485689751L, 
162671160L, 517044966L, 1753929345L, -538281453L, -1148830270L, 
-1952827788L, -663598985L, 707848557L, -681685500L, -292045526L, 
1522244245L, -1625378513L, -1021574090L, -1399742368L, 1697728163L, 
-1945255487L, -1038156368L, -222759730L, 1411047993L, 1306588235L, 
1456084474L, 187142396L, 2003469631L, 1520515605L, -2033184468L, 
1116832258L, 1085559005L, 56206295L, 963747518L, -1229215496L, 
100030171L, -1220891335L, 1314011272L, 723828790L, 1167979633L, 
-1117634909L, 1820521458L, 257001284L, 730793991L, 511305181L, 
205202132L, -1574457862L, 2069446981L, 428475807L, -1967769818L, 
-1794107472L, -1534413741L, -1432686735L, 85763744L, 1278528062L, 
82043209L, -254222341L, 2096137162L, 1068637484L, 237531439L, 
-2126585883L, -1009484132L, 2061535986L, 115026797L, 245240999L, 
-1218621746L, -367746008L, -1154107349L, -1255245239L, 1899811672L, 
-2116657658L, -530896927L, -2009811597L, 1005460962L, 902992212L, 
-1296474025L, 1991437389L, -809541660L, -662245942L, 924578869L, 
1672532623L, -1030321258L, 1412388672L, 794704387L, 164618273L, 
214616848L, -730060562L, 1424083097L, 141229355L, 1480094746L, 
-838293796L, -1640149281L, -1257363275L, 1999150668L, 1511686818L, 
-808842755L, -87407881L, 540402718L, 1321021144L, -207596997L, 
-1944932391L, -1555761816L, -611187562L, -1260781039L, 134183875L, 
-840095790L, -950398364L, -1741999705L, -1514959107L, 1478884084L, 
-895971878L, 1931903269L, 1341102143L, 1899583430L, -403231664L, 
-708427661L, -1481763695L, -1223072576L, 2099095198L, -921937303L, 
-1068213605L, -731261014L, -17415220L, 1232526991L, -1738326331L, 
-878528900L, 1988516562L, -1134514611L, -773504249L, 1642882798L, 
-1311308856L, 134886603L, 2031938857L, 1152605560L, -450616666L, 
569492673L, 869635411L, 118788610L, -2073212108L, 300591287L, 
525676717L, 1464577476L, 1974623722L, 351076949L, -726733841L, 
428248054L, -1879597792L, -534580509L, -1478859903L, 2024830448L, 
460721294L, -2134002695L, 2050216331L, 695225786L, -324283204L, 
1709426687L, 548676949L, 195999340L, 1236140738L, 1044251933L, 
885701527L, -1075450114L, -203633480L, 1694375579L, -618836743L, 
-1546408376L, 1151912310L, -404672335L, -1289493277L, -296913998L, 
-1998287868L, -1977675961L, 1599915549L, -1157716412L, 722117208L, 
-1535910086L, -943819280L, 2055818940L, 841865492L, 2115697346L, 
-1602597792L, 1948545916L, 2138785744L, -746143454L, 1149242024L, 
-809045108L, -1776834372L, -433166542L, 1329695296L, -1639226188L, 
1643444808L, 1795562938L, 1101658640L, 990956268L, 1371621716L, 
-1189035758L, -1152598624L, -1028908340L, -640532896L, 402120642L, 
524123944L, 1210568620L, 866988860L, 605358450L, 2059352880L, 
2069005604L, 762551096L, -854747430L, 1614946192L, 130576124L, 
1294304148L, 1509161026L, -1789074176L, -474397636L, 1374060880L, 
-479934302L, 363993416L, 1556514572L, -783240484L, -2070368942L, 
1272560768L, -862814124L, 1499191272L, 2010095866L, -1142863024L, 
-1274945748L, 1580669300L, 1741048722L, -579327904L, 1456203148L, 
-154633376L, -1507472926L, -1451856984L, 2088549580L, -1344030724L, 
-1032395342L, 682003952L, -526877756L, 486595928L, 228520314L, 
2079296432L, -881638980L, -1233860524L, -2034978878L, 1437431840L, 
-9889604L, -464338352L, -5878814L, 999434344L, -1701495732L, 
-2058848004L, 1670478834L, -1959274240L, 1730167156L, -687045624L, 
339017658L, 292590032L, 1976720364L, -1796703852L, 1367048658L, 
-1016245920L, -1771704500L, -1079416544L, -105097342L, -522727704L, 
1146888428L, -729521092L, -1986839694L, -1651243408L, 1618037796L, 
-2140077256L, 210156698L, -1837528368L, -1873600324L, -40477036L, 
1548971650L, 924235968L, -1338369220L, 207170704L, -549454302L, 
-193527800L, 2042643724L, -224041828L, -1081844206L, -1536299136L, 
1115203092L, -718208472L, -767914694L, 1599496656L, 275520620L, 
-754239180L, 585068178L, 1401779040L, -1189272756L, 1675130848L, 
-1637795934L, -346736728L, -1146090100L, 820736188L, -1671351950L, 
-2033619728L, 489795652L, 204380504L, 766303802L, 612539248L, 
-125331396L, -1005734124L, 580591042L, 1668731616L, 69562236L, 
-1559191856L, 635490466L, -1576991704L, -2138077940L, -1724788804L, 
582447410L, -1632652864L, -1364207052L, 594228168L, -1960292166L, 
-556414576L, 1118972396L, 1842387540L, -1509709678L, -2118023392L, 
1134866892L, 50628064L, -1956866366L, 837377064L, -726656340L, 
1439143100L, 631857650L, 1822286128L, -1947247452L, 835473080L, 
-1998246566L, -646263408L, -1120978052L, -1020821228L, 1145230146L, 
-635032832L, -1183705156L, 1013516112L, -1849953502L, 2047898952L, 
1187676684L, 1823561820L, -1965755182L, 760160768L, -1694739116L, 
-441474584L, -936702982L, 997183696L, 1665289516L, 1582629620L, 
-148754030L, -637959072L, -1574073076L, -693452064L, 1297305954L, 
-1324385624L, -1434688948L, -48715396L, 2024496434L, -217563024L, 
-2123489468L, -1954130472L, 60923002L, -942715344L, 762385084L, 
-1020897452L, -1077463998L, -1017193056L, -546272580L, 383160784L, 
-43678L, -1849573400L, 742195148L, 1365518076L, 132266482L, -500780928L, 
-1577755404L, -183648632L, 251768634L, -462390448L, 1168432748L, 
-375179116L, 1737271634L, 909858528L, -784033076L, -1155288928L, 
-251487358L, 1244713704L, 907834092L, 2100464700L, -1317508494L, 
794444912L, -86131164L, 40860728L, 1008240666L, 542752768L, 324723294L, 
385023275L, -1412170195L, -869153126L, 701895256L, -1705841215L, 
-1655483789L, -2085892204L, 377511458L, 853106999L, 1591554049L, 
1166396678L, -1912112828L, 222260341L, 1744567775L, 171968824L, 
1515979542L, -1504060637L, 1895313637L, -1831170814L, 941604720L, 
805740313L, -37341429L, 1258427388L, -1624133590L, -297542561L, 
1615139817L, -862282498L, 1500501228L, -1229682627L, 1697561607L, 
-792451088L, 217650062L, 2039714235L, 8802205L, -1684988598L, 
1642780008L, -1064027311L, -525240253L, 1731699012L, 494213618L, 
1409223623L, 773635473L, -874761962L, -1529069196L, 1618393093L, 
1719353423L, 447988808L, 1670494694L, -411449581L, -300429195L, 
445215314L, 1317893280L, -192983671L, -1876689477L, -41809396L, 
-648494182L, 1450158863L, -401143463L, -897090578L, -722484612L, 
990888685L, 1066325399L, 161730144L, 681505854L, -1246685941L, 
1536534413L, 808088762L, -1835437320L, 3745953L, 747883603L, 
481492852L, -1986876158L, 1052554647L, 952110945L, 944782246L, 
-931752540L, -2142221227L, -577978113L, -267635304L, -1567113546L, 
-2026111165L, 221254277L, -982280414L, -520174576L, -752203847L, 
-348985237L, 1702552412L, -1715383670L, 1755156095L, -1401569335L, 
-1818176418L, -251281652L, 752254685L, -390019097L, -1120711664L, 
-1413078738L, -436640293L, -1679643971L, 2064650282L, -1579898680L, 
-1155125775L, 352246627L, 1492695908L, 1047835282L, 1538846567L, 
-324746959L, -1018008970L, -1908941932L, 313692069L, -2044518225L, 
-1818206872L, -76128954L, 89930995L, 980279893L, -792740302L, 
-170599424L, -554307351L, 1961838427L, 445661612L, 1489920442L, 
1095106415L, -2137874183L, 1785525646L, 308570204L, 215206605L, 
-1918128585L, -1594354496L, 1563421598L, -1754883989L, 615626733L, 
1330944602L, -1531527912L, -2067395967L, 1539340339L, -2031395244L, 
-141051294L, -1926296329L, -876710079L, 51639750L, -1882872060L, 
-2004946251L, -1442468449L, 1538253304L, 529657814L, 1007495779L, 
